73 16 71 76 53 13 30 62 49 19 22 51 19 67 44 26 57 47 42 35 53 49 19 49 34
96 98 35 20 31 27 74 50 63 26 23 95 78 31 80 16 98 48  1 86 94 78 85 18 43
85 86 15 60 78 91 12 94 94 95 45 95  1 73 79 58 33 19 52 85 32  8 80 55 11
12 54  6 98 74 71 58 52 38 63  5  7 15 69 32 90 96 32 95 22 74 43  4 35 57
66 89 66 48 95  4 45 24 45 23 16 17 31 85 64  3  9 87 11 12 17 22 38 31 13
62 22 98 93 42 33 80 30 81 35 33 62 76 61 42 82 80 64 44 48 66 45 23 87 49
30 35 89  7 29 62 90 49 15 60 44  7 72 39  7 13 81  5 15 85 93  7 96  8 66
70 17 24 27 12 18 83 99 87 97 90 87 92 27 49 21 90 16 99 72  8 88  9 37 76
65 72 73 33  0 10 53 36 78 81 22  2 35 42 18  9 75 12 54 54  5 94 75 22 43
52 58 49  7 71 16 70 55 60 13 60 48 39 58 64 46 70 63 24 41 57 22 15 53 97
53 69 78 17 97 78 46 17 40 64 95 51 49 29  8 62 56 93 21 97 84 68 62 24 82
83 97 22 41 37 56 57  5 60 57 49  2 61 40 79 72 96 86 52 41 45 35 10  4 74
82 16 63 70 48 44  3 19 98 90  0 88 95 24 34 50 65 85 41 22 75 88 66 68 81
16 42 71 71 47 99 24 44 29 28 23  8 63 46 56 74 81 39 19 12 31 62 82 45 86
17 86 64 58 35 91 24 56 65 29 47 65 45 68 28 48 91 28 83 14 26  7 69  0 42
24 21 90 22 67 10 55 62 63 21 11 11  9 37  5 44 21 75  6 94 16 58 96  4  8
 7 19 84  3 85  9 62 45 54 44 36 29 81 23  9 87 87 99 27 24 42 84 90 91 88
84 58  1 56 16 60 97 91 91 33 87 54 99 20  5 24  6 36 89 91 25 60 71 76  6
05 88 61 16 46 71  9 40 50 77 54 10  2 25 69 83 15 52  0  5 59 35 72 97 25
71 63 62 69 56 18 82 67  4 28 25 24 83 60  8 23 25 75 30 42  7 52 96 34 50
