                      	      73
                            96  98
                          85  86  15
                        12  54   6  98
                      66  89  66  48  95
                    62  22  98  93  42  33
                  30  35  89   7  29  62  90
                70  17  24  27  12  18  83  99
              65  72  73  33   0  10  53  36  78
            52  58  49   7  71  16  70  55  60  13
          53  69  78  17  97  78  46  17  40  64  95
        83  97  22  41  37  56  57   5  60  57  49   2
      82  16  63  70  48  44   3  19  98  90   0  88  95
    16  42  71  71  47  99  24  44  29  28  23   8  63  46
  17  86  64  58  35  91  24  56  65  29  47  65  45  68  28
24  21  90  22  67  10  55  62  63  21  11  11   9  37   5  44
